0	14
0	51
1	112
1	148
1	157
2	5
2	42
3	54
3	262
4	31
4	37
4	196
5	119
5	153
5	200
6	31
6	56
6	62
7	47
7	123
7	219
8	144
8	207
9	12
9	20
9	101
9	216
10	16
10	80
11	121
11	159
11	310
12	111
12	193
13	110
13	166
13	178
14	104
14	107
14	131
14	212
15	55
15	173
16	114
16	125
16	155
17	30
17	40
17	53
18	24
18	135
19	44
19	92
19	168
20	23
20	247
20	293
21	34
21	94
22	95
22	267
23	33
23	39
24	89
24	115
25	61
25	87
25	189
26	28
26	65
26	166
26	215
27	46
27	66
27	163
28	39
28	45
29	118
29	133
29	176
30	35
30	48
30	59
31	63
31	120
32	38
32	138
32	141
32	153
33	176
33	179
33	302
34	75
34	162
34	181
35	75
35	88
36	116
36	162
36	208
37	83
37	137
38	171
38	283
38	329
39	143
39	247
40	84
40	155
40	198
41	77
41	104
41	161
42	63
42	170
43	98
43	113
43	207
43	234
43	267
43	268
44	49
44	86
44	146
45	108
45	134
45	218
46	116
46	129
46	191
47	132
47	243
48	54
48	217
49	55
49	92
50	61
50	117
50	129
51	83
51	159
52	68
52	183
52	215
53	105
54	239
54	308
55	167
55	213
56	62
56	71
56	164
57	138
57	160
57	179
58	72
58	90
58	118
58	174
59	156
59	239
60	128
60	173
61	211
62	136
62	180
63	152
63	270
64	130
64	352
65	221
66	156
66	184
66	320
67	136
67	152
67	180
67	194
68	133
68	238
68	260
69	130
69	150
69	262
69	308
70	80
70	99
70	146
71	83
71	154
71	196
72	137
72	139
72	280
73	87
73	94
73	158
73	182
74	123
74	130
74	132
74	242
75	156
76	140
76	235
76	301
76	321
77	105
77	257
78	122
78	140
78	272
78	305
79	122
79	125
79	126
80	107
80	124
81	118
81	139
81	147
81	270
82	143
82	247
82	277
83	127
84	132
84	217
84	261
85	104
85	114
85	244
85	295
86	109
86	269
86	278
87	116
87	300
88	103
88	112
88	171
89	91
89	148
90	102
90	133
90	222
91	257
91	274
91	276
92	100
93	103
93	165
93	185
93	309
94	162
94	170
95	258
96	97
96	108
96	121
96	192
96	236
97	106
97	121
97	325
98	177
98	214
99	109
99	154
100	140
100	195
100	223
100	351
101	138
101	157
102	230
102	250
102	354
103	172
104	249
105	165
105	172
105	229
106	186
106	190
106	253
107	224
108	294
109	164
109	322
110	127
110	230
111	135
111	210
111	245
112	141
112	312
113	128
113	349
114	224
114	225
115	274
115	306
115	371
116	290
117	163
117	335
118	149
119	145
119	287
119	317
120	180
120	280
120	340
121	294
121	339
122	289
122	318
123	321
123	367
124	131
124	197
124	203
125	168
125	223
125	225
126	132
126	272
127	169
127	311
128	313
128	353
129	187
129	288
129	366
130	233
130	275
131	159
131	319
133	240
134	143
134	281
134	361
135	306
135	332
136	173
136	355
137	222
138	175
138	387
139	174
139	303
140	237
141	389
142	278
142	400
142	642
143	215
143	378
144	187
144	349
144	352
145	179
145	292
145	302
146	388
146	457
147	398
147	670
148	309
148	332
149	176
149	302
149	455
150	217
150	296
150	316
151	176
151	179
151	324
151	373
152	328
152	330
153	175
153	283
154	203
154	381
155	205
156	364
157	254
157	266
157	338
158	170
158	328
158	342
159	311
160	324
160	369
160	396
161	204
161	209
161	274
162	200
162	337
163	191
163	472
164	322
164	381
164	441
165	276
165	445
166	260
166	358
167	214
167	355
167	405
168	195
168	246
169	279
169	412
170	451
171	181
171	341
172	227
172	285
172	297
173	405
174	199
174	509
175	396
175	572
176	183
176	394
177	234
177	298
177	314
177	450
178	186
178	360
178	401
180	201
181	364
181	383
182	337
182	356
182	459
183	247
183	323
183	431
184	320
184	362
184	409
185	297
185	312
185	429
186	474
186	649
187	288
187	363
188	282
188	327
188	365
189	194
189	263
189	300
190	255
190	311
190	569
191	220
191	532
192	218
192	307
192	371
193	254
193	277
193	484
194	328
194	419
195	448
195	457
196	259
196	279
197	265
197	388
197	397
197	448
198	217
198	285
198	291
198	395
199	399
199	406
199	655
200	356
200	410
201	304
201	505
201	568
202	284
202	335
202	352
202	538
203	265
203	418
204	249
204	257
204	444
205	231
205	326
205	395
206	266
206	329
206	407
206	478
207	226
207	267
208	232
208	383
208	404
209	212
209	294
209	512
210	254
210	368
210	460
211	300
211	353
211	528
212	310
212	425
213	248
213	278
213	298
214	298
214	405
214	453
215	336
216	387
216	427
216	484
217	315
218	299
218	361
219	226
219	235
219	267
220	472
220	556
220	574
221	271
221	325
221	358
222	228
222	259
222	279
223	519
224	319
224	333
225	289
225	443
226	352
226	521
227	391
227	554
227	618
228	354
228	377
228	504
229	345
229	391
229	458
230	401
231	289
231	295
232	282
232	290
232	417
233	275
233	382
233	520
234	470
234	513
235	393
235	486
236	273
236	307
236	325
236	384
237	258
237	374
237	573
238	380
238	496
238	497
239	315
239	483
239	503
240	323
240	406
240	496
241	305
241	318
241	374
241	499
242	243
242	428
242	480
243	321
243	469
244	249
244	333
244	436
245	299
245	433
245	541
246	319
246	331
246	443
247	514
248	258
248	411
248	457
249	607
250	260
250	334
250	555
251	353
251	475
251	485
251	518
252	275
252	382
252	492
252	500
253	273
253	325
253	372
254	462
255	339
255	467
255	545
256	274
256	350
256	444
256	471
256	531
257	345
257	489
258	314
258	440
259	504
259	530
260	380
260	416
261	495
261	542
262	284
262	409
263	353
263	537
263	691
264	370
264	392
264	397
264	565
265	381
265	432
265	477
266	379
266	387
267	577
268	475
268	491
268	513
269	388
269	477
269	581
270	292
270	340
270	342
271	361
271	423
271	446
272	326
272	344
272	469
273	339
273	384
275	438
276	350
276	559
277	347
277	597
278	539
279	619
280	376
280	473
281	336
281	413
281	423
282	366
282	447
283	430
283	439
284	335
284	382
284	472
285	315
286	300
286	365
286	459
286	463
286	567
287	410
287	451
287	583
288	327
288	349
288	588
289	343
289	550
290	337
290	365
291	316
291	487
291	542
292	359
292	451
292	596
293	324
293	347
293	579
294	575
295	395
295	592
296	346
296	438
296	548
297	341
297	483
298	616
299	306
299	488
299	536
299	558
300	567
301	305
301	449
301	516
302	657
303	424
303	426
303	582
304	385
304	473
304	671
305	469
306	488
306	587
307	442
307	446
307	590
308	362
308	500
308	576
309	402
309	471
310	339
310	421
310	512
310	570
311	392
311	474
312	389
312	402
313	501
313	513
313	537
314	486
314	517
315	479
316	346
316	479
317	359
317	396
317	408
318	437
318	507
319	526
320	404
320	532
321	428
321	516
322	385
322	400
322	506
323	497
323	527
324	427
324	601
326	344
326	495
326	533
327	464
327	528
327	593
328	463
329	434
329	439
329	633
330	414
330	420
330	535
330	738
331	397
331	448
331	562
332	368
332	471
333	425
333	493
334	399
334	496
335	556
336	380
336	476
337	454
338	402
338	614
340	342
340	414
340	435
341	543
341	622
342	461
342	578
343	443
343	519
343	643
344	507
345	544
346	640
347	514
347	566
348	371
348	575
348	658
349	475
350	644
351	437
351	564
351	573
352	520
354	502
354	555
355	505
355	540
356	461
356	584
357	360
357	401
357	502
357	555
358	416
358	423
359	629
359	670
360	416
360	523
361	541
361	590
362	503
362	602
363	556
363	588
364	404
364	652
365	549
365	598
366	556
366	593
367	428
367	520
367	521
368	488
368	611
369	407
369	591
369	656
370	421
370	425
370	684
371	666
372	467
372	523
372	649
373	394
373	455
373	511
373	657
374	449
374	609
375	481
375	636
375	651
376	435
376	473
376	634
377	390
377	399
377	561
378	413
378	490
378	514
379	462
379	478
379	665
381	617
382	492
382	538
383	430
383	522
384	442
384	621
385	580
385	671
386	443
386	493
386	515
386	526
387	603
388	457
388	586
389	614
389	622
389	623
390	509
390	551
390	612
391	487
391	689
392	418
392	605
393	516
393	521
393	577
394	527
394	579
395	719
396	654
397	681
398	435
398	578
398	596
398	647
400	580
400	581
400	704
401	693
402	557
402	608
403	512
403	575
403	594
403	736
404	522
405	691
406	527
407	572
407	665
408	466
408	601
408	627
409	552
409	669
410	430
410	672
411	524
411	610
411	696
412	474
412	617
412	664
413	541
414	578
414	625
415	470
415	482
415	517
415	616
417	631
417	650
417	688
418	432
418	729
419	508
419	624
419	691
420	505
420	717
421	570
422	522
422	532
422	606
422	650
422	688
424	655
424	675
425	639
426	675
426	710
427	676
428	516
429	557
429	595
429	622
430	454
430	600
431	490
431	514
431	579
432	681
432	694
433	460
433	465
433	558
434	468
434	529
434	652
435	743
436	515
436	592
436	730
437	519
437	609
438	480
439	572
439	641
440	546
440	573
440	610
441	619
441	671
441	685
442	525
442	575
443	562
444	635
444	658
444	714
445	644
445	690
446	456
447	593
447	598
447	631
448	722
450	482
450	486
450	577
451	461
452	473
452	535
452	679
452	741
453	470
453	501
453	616
454	630
454	688
455	527
456	590
457	524
458	487
458	592
458	739
459	673
459	721
460	465
460	597
461	687
462	611
462	614
463	508
463	738
464	567
464	598
465	699
466	629
466	657
466	670
467	569
467	661
468	622
468	633
468	742
469	553
470	482
471	638
472	585
472	669
474	569
476	490
477	506
477	645
478	614
478	633
479	503
479	599
480	548
480	553
481	606
481	669
483	543
483	626
484	597
484	603
485	528
485	588
486	546
487	728
488	613
489	544
489	560
489	714
490	497
491	510
492	552
492	585
493	547
493	660
493	748
494	498
494	693
494	734
495	533
495	548
495	640
498	619
498	686
498	731
499	609
500	576
501	691
502	686
502	693
503	727
504	509
504	702
505	642
505	701
506	617
506	758
508	620
508	659
509	668
510	521
510	577
511	601
512	570
512	732
515	550
515	660
515	730
517	546
517	610
518	537
519	761
522	706
522	746
523	649
524	682
524	703
525	666
526	639
526	718
528	659
529	641
529	706
530	619
530	671
530	702
531	587
531	589
531	604
532	574
532	669
533	637
533	719
534	649
534	664
534	693
535	628
535	717
536	590
536	666
537	620
537	659
539	540
539	616
539	696
540	642
541	558
542	640
542	728
543	677
543	720
544	690
544	713
545	661
545	663
547	560
547	660
547	697
548	553
549	630
549	721
550	737
551	655
551	668
552	576
552	585
554	595
554	618
554	644
557	623
557	747
559	635
559	690
559	733
560	607
560	713
561	612
561	686
561	731
562	565
562	752
563	599
563	728
564	722
564	761
565	712
565	718
566	597
566	676
567	659
568	648
568	679
568	753
569	649
570	663
570	740
571	653
571	749
571	751
572	656
573	682
574	631
574	650
576	727
578	596
578	647
578	715
580	642
580	648
580	653
581	696
581	703
582	668
582	678
583	654
583	698
583	735
584	630
584	632
586	645
586	681
586	722
587	589
587	613
587	666
588	593
589	658
589	666
591	601
591	627
592	719
594	607
594	658
594	714
595	709
595	747
596	687
598	695
599	626
599	689
600	700
600	706
600	723
602	727
603	665
603	676
604	635
604	724
604	726
605	684
605	708
605	712
606	636
606	746
607	697
608	611
608	615
608	638
612	707
612	731
613	615
613	726
614	623
615	638
615	699
617	694
618	626
618	677
620	662
620	691
621	663
623	716
624	662
624	717
624	738
625	673
625	715
625	738
627	654
627	656
628	692
628	741
628	743
629	654
629	698
630	762
632	698
632	750
632	763
633	641
634	678
634	683
634	702
636	652
636	746
637	737
637	744
638	724
639	740
639	748
643	680
643	752
644	757
645	703
645	758
646	653
646	745
646	749
646	758
647	710
647	755
648	725
651	711
651	720
652	720
653	704
655	675
657	670
660	680
663	732
664	729
664	734
667	681
667	712
668	675
668	683
670	710
671	705
671	725
672	735
673	750
674	697
674	732
674	740
677	709
677	711
678	741
678	743
679	701
679	741
680	748
682	722
683	707
684	759
685	705
685	734
685	749
687	698
688	723
689	760
690	739
690	757
692	715
694	729
694	758
695	721
697	754
700	735
700	762
701	717
702	707
702	753
703	745
704	745
705	731
705	751
706	746
708	729
713	733
713	756
714	733
715	755
716	742
718	748
718	759
719	744
720	742
721	750
725	751
725	753
728	760
730	744
730	756
732	736
735	763
736	754
739	756
739	760
740	759
752	761
762	763
