0	91
0	102
0	188
1	28
1	61
1	87
1	88
2	40
2	85
2	180
3	17
3	35
3	125
3	216
4	8
4	17
4	54
4	112
4	229
5	21
5	34
5	37
5	180
6	52
6	70
7	61
7	76
7	104
7	187
8	92
8	229
9	14
9	22
9	45
10	79
10	148
10	170
11	52
11	87
11	111
11	201
12	31
12	221
12	377
12	1031
13	83
13	119
13	161
13	167
14	35
14	59
14	123
15	212
15	228
16	23
16	191
17	53
18	25
18	143
19	22
19	33
19	101
19	214
20	113
20	116
20	121
20	368
20	497
21	40
21	136
22	126
22	224
23	44
23	103
24	64
24	135
24	158
24	1044
25	41
25	128
25	186
25	288
26	43
26	124
26	196
26	213
27	72
27	110
27	228
28	68
28	139
28	204
29	32
29	81
29	173
29	456
30	33
30	126
31	38
31	47
31	207
32	141
32	303
33	66
33	146
34	69
34	176
35	184
35	216
36	118
37	69
37	94
37	136
38	133
38	150
38	271
39	63
39	175
40	43
40	44
41	141
42	78
42	144
42	228
43	157
43	219
44	157
44	231
45	149
45	179
45	255
46	120
46	144
46	260
46	361
47	70
47	84
47	175
48	56
48	71
48	220
48	295
49	116
49	133
49	221
49	238
49	390
50	95
50	125
50	230
50	272
51	141
51	156
51	160
51	223
52	93
52	170
53	60
53	114
53	174
54	108
54	112
54	114
55	58
55	172
55	200
55	265
56	186
56	287
57	115
57	153
57	254
57	289
57	405
58	153
58	384
59	75
59	139
59	255
60	99
60	184
61	132
61	140
62	64
62	74
62	107
63	90
63	154
64	104
64	245
65	212
65	234
65	283
66	127
66	131
66	301
67	73
67	191
67	231
67	258
68	139
68	224
69	110
69	154
71	86
71	161
71	219
72	94
72	120
73	91
73	149
73	191
73	209
74	138
74	148
74	262
75	132
75	240
75	320
76	132
76	187
76	240
77	89
77	155
78	81
78	182
79	107
79	199
79	338
80	148
80	300
80	377
81	181
81	247
82	93
82	134
82	178
83	103
83	343
84	134
84	208
84	263
84	1045
85	131
85	147
85	251
85	264
86	151
86	242
86	294
87	109
87	168
88	140
89	92
89	97
90	176
90	274
90	285
90	302
91	95
91	191
92	96
92	305
93	109
93	252
94	110
94	205
94	333
95	230
95	292
96	102
96	290
96	310
97	142
97	247
97	335
97	401
98	164
98	252
98	296
99	129
99	211
99	286
100	101
100	147
100	149
100	171
101	131
101	418
102	169
102	392
103	163
103	192
104	140
104	245
105	136
105	156
105	194
105	284
106	138
106	193
106	259
106	1031
106	1044
107	130
107	270
107	346
108	116
108	212
108	283
109	166
109	201
110	254
110	324
111	145
111	170
111	199
112	142
112	190
113	114
113	215
113	282
114	215
115	133
115	353
116	193
116	221
116	222
117	141
117	143
117	185
117	321
118	155
118	163
119	128
119	192
120	333
120	372
121	211
121	215
121	278
122	178
122	227
122	232
122	252
122	316
122	424
123	189
123	233
123	255
124	194
124	219
124	220
124	347
125	198
125	332
126	224
126	252
127	165
127	202
128	197
128	329
129	253
129	307
130	199
130	237
132	322
134	363
135	138
135	210
135	352
136	213
136	268
137	206
137	233
137	249
137	365
138	256
138	369
138	428
139	459
140	317
140	411
141	362
141	386
142	305
143	239
144	182
144	389
145	201
145	371
145	414
146	178
146	299
146	395
147	342
147	354
148	331
149	365
150	336
150	405
150	457
151	231
151	355
151	379
152	182
152	246
152	277
152	383
153	159
153	304
154	241
154	304
155	188
155	310
155	419
156	315
156	356
156	372
157	264
157	354
158	278
158	307
158	352
159	327
159	350
159	545
160	364
160	372
160	425
161	261
161	450
162	275
162	366
162	452
163	191
163	279
164	314
164	318
164	385
164	438
165	403
165	404
165	560
165	692
166	296
166	367
167	195
167	343
167	489
168	204
168	309
168	351
169	292
169	293
169	514
170	483
171	359
171	418
171	521
172	207
172	265
172	429
172	1029
172	1049
172	1065
173	239
173	247
173	360
173	456
174	216
174	229
174	373
175	384
176	308
177	203
177	237
177	291
177	461
178	285
178	316
179	224
179	236
179	319
180	202
180	268
181	357
181	387
181	397
182	234
183	266
183	275
183	592
184	216
184	240
185	386
185	456
185	463
186	197
186	223
186	439
187	245
187	253
187	526
188	293
188	527
189	230
189	320
189	382
190	311
190	339
190	357
190	523
192	235
192	313
193	221
193	1031
193	1044
194	287
194	508
195	261
195	355
195	413
196	264
196	268
196	348
196	422
196	468
197	288
197	340
197	572
198	305
198	399
198	568
199	451
200	350
200	429
200	1017
200	1049
200	1065
201	266
201	435
202	308
202	404
203	270
203	406
203	549
204	318
204	344
205	241
205	243
205	493
206	209
206	267
206	298
207	328
207	337
208	363
208	452
208	480
208	1045
209	345
209	408
209	433
210	346
210	410
210	423
211	215
211	297
211	473
212	238
213	244
213	284
213	454
214	299
214	301
214	418
215	297
215	446
216	332
217	323
217	330
217	427
217	532
218	326
218	341
218	416
218	519
219	220
219	242
219	449
220	295
220	510
221	248
221	259
221	271
221	1031
222	349
222	368
222	477
223	315
223	362
224	299
225	458
225	816
226	310
226	401
226	482
227	266
227	455
227	531
228	254
228	442
229	417
229	446
230	525
231	379
231	408
232	275
232	363
232	563
233	374
233	458
234	442
235	358
235	416
235	481
236	314
236	375
236	385
236	460
237	309
237	406
237	467
238	353
238	442
239	380
239	470
240	286
241	443
241	538
242	487
242	677
243	333
243	528
243	544
244	347
244	449
244	468
244	492
244	689
245	281
245	307
246	334
246	387
246	456
247	276
247	387
248	390
248	477
248	524
248	1012
248	1019
249	374
249	486
249	536
249	557
250	263
250	331
250	337
250	366
251	436
251	529
251	773
253	485
253	547
253	679
254	491
255	375
256	280
256	410
256	478
257	306
257	412
257	441
257	483
258	267
258	343
258	408
259	377
259	600
259	1003
259	1019
259	1031
259	1035
260	389
260	491
260	579
261	487
261	562
261	619
262	376
262	428
262	616
263	273
263	500
263	559
263	1045
265	273
265	384
265	440
265	1029
265	1045
265	1046
266	330
266	530
267	590
268	443
268	492
269	474
269	476
269	646
270	312
270	451
271	328
271	565
271	1061
272	392
272	525
272	556
273	388
273	555
273	1029
273	1045
273	1046
274	384
274	388
274	576
275	629
276	360
276	534
276	724
277	303
277	361
278	297
278	497
279	313
279	527
279	546
280	437
280	451
281	346
281	516
282	283
282	349
282	471
282	523
283	311
283	349
284	421
284	682
285	363
285	415
286	325
286	504
287	315
287	394
288	321
288	416
288	603
289	378
289	405
289	515
290	392
290	447
290	482
291	411
291	432
291	526
291	602
292	298
292	374
292	525
293	546
293	618
294	348
294	466
294	615
295	450
295	610
296	299
296	475
297	744
298	620
298	748
299	566
300	337
300	376
300	541
300	613
301	395
301	462
302	503
302	626
303	334
303	386
303	425
304	324
304	398
305	381
305	496
306	312
306	412
306	414
307	485
307	632
308	403
308	443
309	411
309	490
310	694
311	543
311	580
311	640
312	406
313	481
313	665
314	370
314	460
314	593
315	508
316	395
316	563
316	638
317	400
317	430
317	526
318	323
318	438
318	641
319	426
319	591
320	504
320	583
321	464
321	737
322	459
322	535
322	583
323	435
323	709
324	491
324	607
325	473
325	547
325	606
326	329
326	396
326	479
327	384
327	474
327	647
328	522
328	1061
329	340
329	450
330	367
330	631
331	338
331	376
331	582
332	399
332	652
333	444
334	469
334	609
335	357
335	496
335	569
336	353
336	390
336	565
337	500
337	541
337	669
338	573
338	616
339	402
339	496
340	507
340	603
341	489
341	509
341	691
342	345
342	612
342	773
343	355
343	564
344	430
344	535
344	540
345	359
346	549
347	454
347	719
348	449
348	468
349	571
349	640
350	599
350	714
350	1067
351	435
351	467
351	567
352	512
352	561
353	515
354	379
354	520
355	770
356	421
356	444
357	448
358	380
358	470
358	644
359	426
359	786
360	670
360	694
361	586
361	702
362	587
362	683
364	586
364	617
364	661
365	433
365	472
366	582
366	700
367	427
367	475
367	774
368	471
368	604
368	658
369	410
369	499
369	512
370	427
370	601
371	441
371	530
372	444
372	597
372	683
373	417
373	473
373	736
374	723
375	472
375	548
375	816
376	558
377	553
377	1031
377	1061
378	491
378	579
378	607
379	793
379	838
380	611
380	737
381	568
381	581
381	784
382	495
382	652
382	855
383	518
383	630
383	634
385	459
385	802
386	642
387	391
387	539
388	480
388	554
388	1046
389	442
389	787
390	571
391	534
391	755
392	618
393	604
393	704
393	729
393	949
394	502
394	572
394	610
395	415
395	638
396	505
396	619
397	580
397	630
398	621
398	647
398	759
399	417
399	865
400	583
400	671
400	779
401	569
401	738
402	523
402	608
402	853
403	678
404	506
404	529
405	431
405	762
406	461
407	668
407	729
407	761
407	970
408	498
409	450
409	487
409	510
410	628
411	727
411	977
412	451
412	573
413	505
413	655
413	698
414	467
415	626
415	653
416	533
416	575
417	446
417	537
418	591
419	447
419	470
419	481
419	577
420	477
420	600
420	658
420	850
420	1003
420	1010
420	1019
420	1032
420	1068
421	454
421	840
422	484
422	494
422	529
423	516
423	637
424	475
424	531
424	624
425	586
425	587
425	760
426	548
426	635
427	438
427	659
428	499
428	613
429	457
429	598
429	1017
429	1040
429	1049
429	1065
430	725
430	779
431	515
431	627
432	461
432	780
433	486
433	635
434	489
434	781
434	897
435	585
436	521
436	529
436	692
436	844
437	549
437	605
437	730
438	532
438	593
439	464
439	552
439	650
439	703
440	680
440	815
440	1029
440	1040
440	1046
440	1065
440	1067
441	592
441	712
443	578
444	614
444	881
445	452
445	639
445	874
446	537
446	608
447	527
447	731
448	501
448	588
448	713
449	803
450	619
452	696
452	700
453	574
453	604
453	633
453	767
454	807
455	488
455	592
455	629
456	611
457	645
457	666
457	1017
458	495
458	715
459	802
460	591
460	752
461	727
462	566
462	624
462	812
463	636
463	857
464	603
464	636
465	542
465	590
465	711
465	770
466	484
466	520
466	828
467	667
468	484
468	492
469	622
469	642
469	722
470	694
471	808
471	825
472	536
473	537
473	761
474	576
474	804
475	659
476	673
476	681
477	720
477	808
477	909
477	1012
477	1019
478	605
478	616
478	684
479	509
479	519
480	823
481	771
482	589
482	784
483	573
483	712
484	625
485	679
485	686
486	542
486	866
487	562
487	677
488	531
488	631
488	778
489	564
489	676
490	540
490	567
490	725
491	614
492	494
492	578
492	672
493	538
493	621
493	836
494	506
494	809
494	824
495	693
495	747
496	741
497	600
497	799
497	1035
497	1068
498	612
498	770
498	948
499	684
499	782
499	806
500	541
500	559
500	680
501	539
501	742
501	792
501	901
502	508
502	674
503	576
503	653
503	765
503	882
504	736
505	595
505	781
506	654
506	678
507	572
507	610
508	819
509	676
509	691
510	594
510	610
511	594
511	803
511	872
512	750
512	799
513	625
513	656
513	677
513	803
514	663
514	699
515	623
515	814
516	602
516	842
517	588
517	763
517	785
517	863
518	609
518	756
518	764
519	575
520	721
520	950
521	841
521	856
522	541
522	553
522	826
523	785
524	553
524	565
524	782
524	904
524	1012
524	1019
525	754
526	679
526	701
527	776
528	718
528	735
528	840
529	732
530	592
530	651
531	733
532	641
532	662
532	709
533	575
533	737
533	751
534	792
534	952
535	717
535	779
536	715
536	893
537	822
538	578
538	682
539	630
539	899
539	901
540	820
541	886
542	584
542	748
543	713
543	785
543	867
544	705
544	718
544	852
545	607
545	734
545	888
546	590
546	620
546	834
547	671
547	890
548	752
548	862
550	596
550	740
550	760
551	580
551	634
551	788
551	900
552	695
552	703
552	827
553	1061
554	555
554	657
554	765
554	973
555	835
555	879
556	568
556	811
556	964
557	829
557	926
558	669
558	697
558	849
559	669
559	696
559	957
560	626
560	769
560	944
561	632
561	842
561	847
562	615
562	698
563	639
563	805
564	590
564	665
565	666
565	912
565	1061
566	675
567	667
568	739
569	742
569	919
570	641
570	801
570	802
570	933
571	753
571	808
571	930
572	703
573	582
574	767
574	996
575	603
576	681
576	832
577	771
577	776
577	936
578	791
578	824
579	617
579	929
580	930
581	685
581	739
581	943
582	783
583	790
583	880
584	798
584	903
584	948
585	651
585	709
586	757
586	817
587	622
587	650
587	695
588	713
588	965
589	726
589	731
589	869
591	758
593	801
593	959
594	677
595	676
595	781
596	764
596	932
597	819
597	827
597	881
598	680
598	796
598	818
598	1013
598	1017
598	1040
598	1065
598	1067
599	657
599	815
599	906
600	799
600	806
600	1003
600	1019
600	1032
600	1035
600	1068
601	659
601	877
601	959
602	679
602	780
604	658
605	745
606	736
606	902
606	984
607	705
607	759
608	633
608	822
608	907
609	722
609	740
611	670
611	857
612	643
612	664
612	838
613	775
613	924
614	617
614	852
615	656
615	793
616	745
617	757
618	800
618	810
620	846
620	922
621	705
621	963
622	740
622	760
623	753
623	900
623	917
624	769
624	821
625	803
625	976
626	947
627	814
627	878
627	917
627	971
628	684
628	730
628	750
629	700
629	874
630	983
631	651
631	774
632	668
632	729
633	898
633	935
634	764
634	932
634	979
635	643
635	707
635	937
636	642
636	737
637	730
637	750
637	847
638	884
638	914
639	653
639	956
640	690
640	867
641	820
642	650
643	798
644	751
644	771
645	762
645	796
645	971
646	791
646	873
646	988
647	985
648	668
648	842
648	861
648	885
649	887
649	927
652	736
652	955
653	882
653	914
654	791
654	940
654	975
655	770
655	945
655	987
657	986
658	767
658	1068
659	746
659	891
660	701
660	780
660	860
660	977
661	683
661	881
661	913
662	801
662	959
663	894
663	922
664	786
664	923
664	937
665	776
665	864
666	830
666	878
666	1057
667	727
668	885
669	710
669	783
670	868
670	952
671	701
671	790
671	953
671	966
672	682
672	921
673	681
673	975
673	988
674	703
674	827
675	758
675	877
675	891
676	777
676	839
678	889
678	990
679	860
679	885
680	879
680	925
680	1029
680	1040
680	1065
680	1067
681	882
682	836
683	695
684	775
685	859
685	865
686	761
687	736
687	789
687	984
688	875
688	878
688	912
688	1028
689	848
689	872
689	876
690	930
691	751
691	910
692	772
692	812
693	934
693	951
694	868
694	869
694	936
695	749
696	843
697	745
697	775
698	793
698	987
699	754
699	810
699	811
700	712
701	833
702	787
702	932
704	799
704	851
704	858
705	982
706	735
706	807
706	819
706	840
707	893
707	978
707	980
708	758
708	786
708	841
709	820
710	886
710	925
711	897
711	903
711	945
713	883
713	954
714	796
714	888
714	962
714	1013
714	1067
715	816
715	931
716	816
716	941
716	942
717	802
717	887
718	946
718	982
719	807
719	872
720	768
720	904
720	909
720	1010
720	1032
721	732
721	773
722	755
723	747
723	894
724	905
724	908
724	967
725	727
725	833
726	811
726	896
726	958
727	977
728	773
728	838
728	950
731	800
731	936
732	844
732	968
733	746
733	821
733	884
733	915
734	762
734	854
734	969
735	819
738	784
738	908
738	919
739	789
739	960
741	763
741	859
741	919
742	905
742	965
743	822
743	845
743	865
744	870
744	898
746	774
747	931
747	998
748	795
748	926
749	817
752	941
753	875
754	934
754	964
755	857
755	899
756	901
756	928
757	813
757	974
759	985
760	817
761	870
763	853
764	928
765	939
766	944
766	947
766	990
767	825
768	850
768	1010
768	1022
769	831
771	910
772	889
772	944
773	856
774	915
776	800
776	981
777	839
777	864
777	897
778	805
778	915
779	927
780	861
781	945
782	871
782	904
783	843
784	896
785	996
787	900
788	979
788	983
789	964
790	902
792	899
793	838
793	987
794	862
794	941
795	903
796	918
796	1007
796	1013
796	1027
796	1043
797	805
797	884
797	914
798	980
799	1068
800	958
801	961
804	832
804	837
805	956
806	850
806	1068
808	909
809	940
809	968
809	976
810	846
810	958
811	896
812	916
813	932
814	854
815	879
815	973
816	862
817	974
818	886
818	918
821	891
822	870
822	898
823	835
823	972
824	848
826	886
826	924
826	991
828	950
829	866
829	893
830	878
830	918
830	991
830	1001
830	1025
830	1028
830	1043
830	1057
831	944
831	947
832	939
832	988
833	920
833	977
834	864
834	897
835	973
836	873
836	946
837	963
838	938
839	910
841	989
843	957
844	989
845	870
845	984
846	981
847	851
848	976
849	886
850	904
850	1010
850	1032
852	895
853	907
854	929
855	880
855	997
856	989
858	949
858	1024
858	1060
859	943
860	966
862	942
863	892
863	965
864	981
866	980
867	954
867	996
868	936
868	967
869	908
869	936
870	970
871	924
871	991
873	921
874	972
875	909
878	971
878	1025
878	1028
878	1057
879	957
882	947
883	901
883	983
885	890
888	985
888	994
889	968
890	966
891	916
892	919
896	960
898	995
900	930
900	993
902	997
904	1010
904	1012
904	1019
904	1032
905	919
906	962
906	985
912	991
912	1028
913	974
914	947
918	1001
918	1013
918	1042
918	1043
918	1057
920	927
920	953
922	926
923	938
925	957
928	983
932	979
934	951
935	949
935	995
937	978
938	948
938	987
939	986
943	960
951	955
952	967
953	966
955	964
955	997
956	972
959	961
962	1027
963	982
973	986
975	990
979	993
991	1057
999	1056
1000	1048
1001	1025
1001	1028
1001	1042
1001	1043
1001	1057
1002	1011
1002	1021
1002	1059
1003	1012
1003	1019
1003	1032
1003	1035
1003	1068
1004	1060
1004	1063
1005	1006
1005	1026
1006	1052
1007	1013
1007	1014
1007	1027
1008	1020
1009	1014
1009	1042
1010	1012
1010	1019
1010	1032
1011	1015
1011	1021
1011	1055
1011	1059
1012	1019
1012	1032
1013	1027
1013	1042
1013	1043
1014	1027
1014	1042
1015	1016
1015	1021
1015	1039
1015	1050
1015	1055
1015	1059
1016	1030
1016	1034
1016	1037
1016	1050
1016	1064
1017	1040
1017	1049
1017	1065
1018	1028
1019	1032
1019	1035
1020	1034
1020	1037
1020	1064
1021	1059
1022	1024
1022	1041
1024	1041
1024	1060
1025	1028
1025	1057
1026	1047
1029	1040
1029	1046
1029	1049
1029	1065
1029	1067
1030	1050
1031	1044
1032	1068
1033	1054
1034	1037
1034	1064
1035	1068
1036	1062
1037	1050
1037	1064
1038	1056
1038	1062
1039	1055
1039	1059
1040	1049
1040	1065
1040	1067
1041	1060
1042	1043
1043	1057
1045	1046
1049	1065
1051	1058
1052	1053
1053	1066
1054	1066
1055	1059
1065	1067
